* Klijenti:
(-5.654785943282152, -9.611321995036784)
(7.392612836744515, 2.2194804450666084)
(-4.007046620485708, 6.099564289732459)
(-9.201405087868304, -7.921002696354947)
(4.743122012578924, 3.775194828173479)
(-8.544159628041765, -9.046518582469357)
(7.699215429624154, -7.519717265723069)
(-5.009659326041598, 1.4671711283096158)
(3.872410216105509, 4.097043303858733)
(-6.607771706859484, -0.6076937827721363)
(-7.017709320259948, 0.4159408828907267)
(7.96872319310615, -1.0555969281685407)
(-6.341698329673211, -7.275007268123453)
(2.7470876747260604, 4.947848733688172)
(-3.0521172415202935, -7.980744604899761)
(-1.8368883363602286, -3.7920197632942543)
(-6.31153974302414, 3.5230373139301463)
(-4.284173740586077, -7.4041393425975315)
(8.659410284597293, -4.333788706394532)
(-0.48574348805632717, -6.467943708827876)
(6.407584008619388, 6.866581187211608)
(-3.7030392183281187, -1.871049332401764)
(-1.0203190615317386, -6.891172513055817)
(2.5018201411464567, 3.932969031988332)
(-8.71461445253263, -5.043886298274289)
(9.922621609250623, 8.767746977878964)
(-7.668592479553928, -4.7009635660259015)
(7.369045332141653, 4.696489195221854)
(-3.6159612146655533, 7.7852425626507795)
(1.078649058169539, -5.141235618543569)
(-8.122568549005369, 8.698026805369167)
(-5.403048010756056, -1.3753924333037126)
(-4.818216160658042, -1.545872022400065)
(3.5873866133505334, -9.131892229109667)
(-2.3605913510090737, -5.526453601187134)
(-2.2739662119859876, -1.182046355450252)
(1.4381126499714014, 1.1215081505466085)
(5.740759884752515, 0.04710232595542152)
(-3.605561050981776, -6.05790560047425)
(-9.740382727899753, -1.4154953878115943)
(8.273586913484316, 7.1760750572864715)
(-4.6954087322285165, 3.061024259120062)
(-7.378339324138599, -3.922014025633782)
(4.043971352987194, 0.1828659473980654)
(5.386214176123527, 5.556759764740146)
(-8.053345026526195, -5.062878562764057)
(-5.87221832938039, -1.299888791087474)
(-6.924522288952155, -6.144412932034755)
(0.41009457839025387, 3.05735053850508)
(4.438510659214108, 4.656782604598229)
(0.5824795675442154, 9.763518906359497)
(0.6314458471677646, -2.4223368437653185)
(-7.598025651591554, 0.26699682865720575)
(7.336562833999459, -5.867805186985882)
(2.447781074909436, 3.259733758403412)
(5.801019286164335, 4.848028570429337)
(-8.248804979957605, -6.181815634613084)
(0.03341782477792421, 4.822081420170122)
(-4.152300563285136, 4.650699143751689)
(4.149257574464581, 9.16132548807375)
(-3.636025604176572, 6.005589205874017)
(-9.024983395518118, -2.682476514811631)
(-6.7343380328210785, 7.330749737828924)
(-1.8086130782608638, -2.284776052112514)
(1.1325118093715894, 2.9343608559523116)
(5.630786675019998, -0.2663923753918489)
(6.752653461790441, -2.611724204791292)
(1.3229591312910305, 9.38113193324298)
(-0.7914096419687731, 0.5714511146406096)
(-4.187899071462091, -2.8258362969160933)
(-2.6943899565076563, 2.4204410190898855)
(-2.700124183174788, 4.0723106823116755)
(6.115368215146081, 5.378929128583929)
(-6.80134575737071, -8.934127133501335)
(8.889882840422121, 3.670163136676658)
(-6.721955757101301, 3.4046352398023956)
(3.7292814997632853, 2.0155351687546403)
(-1.9796944417948854, -5.768713917269663)
(1.6798886589316187, -6.068638856167896)
(-8.366859281740453, 9.029464134294948)
(1.2201644203920932, 9.162430748955408)
(-9.47776895501222, -4.179772765248666)
(-2.6050927591664452, -3.2829213490531695)
(0.7500691452987152, -7.024192268073413)
(-6.035153347855551, -5.45344044094308)
(-1.0266720435648402, -4.92907262187617)
(-0.8865473755131443, 9.806333730892415)
(-4.667336556385666, 5.788931745738598)
(1.6641294025286424, 3.867656598275733)
(5.119957918033114, -0.41107440110096327)
(-2.6734550573233413, 1.5857552226010938)
(-1.4628549926221837, -4.795989080398662)
(1.5978043357137075, 4.292020488647241)
(5.934557264021125, 9.561227177181586)
(3.929912501459089, 2.8065899644618355)
(5.494675751686486, -8.487579296927969)
(-9.069149886158176, -4.043618129705029)
(9.989027440157802, -0.5244582081141402)
(3.4038121637705814, -5.311097266037185)
(2.905832313919692, 5.501744885221527)
(-1.3619467455055112, -2.5286029634208056)
(0.4148574416340338, -0.7854330506709477)
(3.7104169587454887, -2.924264985351293)
(-3.3357934542123964, -1.4771772305176167)
(6.203953541125948, -6.024496534494346)
(-2.293988749454239, -9.403998424615942)
(-3.527541738406672, -7.036230057427886)
(9.59535920764906, -8.397019812013781)
(-1.7457954502482096, -9.035874572987181)
(0.7565345594355612, -2.2465355667774345)
(2.381068077334401, 3.1646234385976513)
(-9.882443489944663, -5.324184356807433)
(-7.670363246818351, -7.712615893557673)
(-2.1253339314310304, -7.336620461391101)
(0.9237805173987326, -4.048902671021393)
(7.560914791352882, -3.1899341622505943)
(-9.805524523100361, -8.727079374040143)
(7.245969380874076, -3.023953794431815)
(4.7462509420233605, 8.970821359303613)
(-5.754650376600024, -5.971252910008847)
(9.71475545550253, -1.5326810920202405)
(-1.6086684119950263, 2.7901337243108433)
(4.847909563768507, -9.654390095990394)
(3.69370873558214, -4.16858143980904)
(-1.2280309494613526, 0.3183127495075979)
(6.388702321650147, -2.522531798912679)
(-7.333411583628948, -6.3430601841464735)
(7.11521893582027, -3.271439785341621)
(-3.6534254679924816, -7.035066378935861)
(9.347027782091466, -1.5472224182012937)
(-3.85453387168055, 1.3890843679549558)
(-5.419887732259072, 2.291274943476962)
(4.730592371607223, 2.1091613560679594)
(7.655093946372954, -5.076216858122391)
(7.600536916733834, 5.888300182055339)
(-9.109692947585737, -5.4132471512818)
(-3.588232496639381, 3.063710690455114)
(-5.728481542259649, -7.524344597123822)
(5.65909340728952, 2.9114412908161285)
(-0.8026346727549498, -8.92675678225493)
(-9.904135560811124, -7.251758065169744)
(-0.07672777904666184, -9.652627957868212)
(4.425265762413408, 8.135832362409577)
(-5.2083947607702585, 5.282100242805772)
(-7.283137800702615, 2.8468232411497816)
(2.984659494839331, 2.421673119941172)
(-9.408841604953832, -9.103642625671352)
(8.208702941783045, 0.5469571286134958)
(-5.38713295581613, -0.06567039681545417)
(8.272661622513954, 0.7959624321053855)
(4.189467009463179, 0.9523078078751013)
(-1.8603556302365138, 6.399669600304602)
(8.851153347148792, -9.24875120789904)
(-3.7238547225438223, -8.07977187209141)
(0.5862460408442498, 9.175918773464456)
(0.15972153984686166, 1.3503400843109432)
(-3.3113389630335917, 5.0770518369837365)
(-7.423774396490388, 4.119989278022773)
(3.8188207141030084, 3.4893159319890383)
(2.431489968402179, -5.6042309947254605)
(-0.49971222329745046, 0.7695955990455126)
(-0.2645755915734931, -2.325857412232848)
(3.7501820285420493, -5.930425909586832)
(5.7052381124745075, 5.326047724704727)
(6.658756189688667, -1.394984735456699)
(-1.3272916970255224, -1.4520936593900196)
(6.025955504780395, -8.234750247487616)
(9.108913533182282, -6.22630897078383)
(-2.9765848872429723, -1.4095666882073914)
(-0.932014521175331, 4.1090138258573035)
(-7.601336915072019, 9.222967475569618)
(2.7372657095218855, 8.304476359215254)
(-5.261250517019176, -8.803076892963247)
(-7.12322365042229, -2.0303937109879673)
(6.822654218839709, 1.2266462922373123)
(3.762634149028523, 7.636425316272181)
(0.568210721386178, -6.815645473948598)
(7.556986434817798, -3.831721787415119)
(1.7533646761695287, -3.1030885336628833)
(-9.061194791881368, -2.6613668873465475)
(4.964839856298621, 5.85501274872904)
(-2.3348759315161294, -8.630307066607925)
(-2.366311041293338, -7.628719349873565)
(7.501384292643124, -1.9189703156593634)
(-8.611519129266442, 9.838359640658403)
(-3.2068497463608603, 5.882485423901947)
(5.656432099324778, -1.7555392715414957)
(8.000417183656165, 8.524994180498442)
(-6.670297649414721, 1.654431955094072)
(-3.9720165046894547, -8.247849691732181)
(2.496760035378978, -1.0064495008350747)
(2.1666048316797806, 0.744010269930893)
(7.144610857136119, 4.849778003077944)
(-4.3415901495764775, 3.671112199002863)
(-7.409955287592636, -0.0531765197500107)
(5.538444197221251, -2.065002584227442)
(-0.6186388624896573, -1.9981945458250117)
(-4.263467821427797, 4.819364601062727)
(-1.9115016322440894, -9.198401817308726)
(-8.148899680528745, 2.802717596444051)
* Pocetna postrojenja:
(-3.6628846755172155, -7.113025259661347)
(9.726680132176977, -1.9030054907703846)
(3.083450981854323, 0.07392484666529242)
(-3.728213056396781, 8.241364126370222)
(-8.93059007525312, 8.354715060027903)
(4.88832854757614, 8.003689599614873)
(-1.899717806601453, -8.24540352437217)
(1.9382275477335043, -1.846919473471015)
(-7.287525187080877, -4.565641198367178)
(9.987772704621886, -0.9037945900829936)
(6.646478841420244, -5.059508524836438)
(-5.658162576986467, 0.4879863011574326)
(-5.467764379756879, -1.8390113624803828)
(3.2855762143273726, -4.733482682496821)
(-3.4465170270083085, 1.808595162071125)
(7.283528570764208, 8.899869896888035)
(7.79907117912067, 2.5909480377523266)
(4.629351271411846, -3.3554363499883273)
(-4.12056755799227, -1.1430479582486726)
(-0.5310071909309126, -6.483472345904914)
(-7.18142860602343, 9.873923899315049)
(7.251146552656465, -5.073830692377419)
(-3.7624012628938335, -5.272251111936117)
(2.1388839383934677, -8.80764355222112)
(8.64169127125433, 0.8782687354129202)
(2.5075447239423614, 4.796147267314883)
(-4.859107269521584, -5.621162997309018)
(-8.042867602692167, 8.784203666008224)
(7.262192873410381, -1.1983452153941325)
(7.573911479136836, -0.8048492520479495)
(3.3696344853567695, -2.905512696855153)
(5.782644225546802, -9.608955470573843)
(6.775834198579457, -1.5104444863992317)
(-7.31326755026759, -9.243318413568177)
(3.282544558087281, -2.0944980516268448)
(7.160505061261283, -6.543653616570153)
(-2.041660779508165, -6.390245392304523)
(6.461202228095473, 6.460167959994273)
(3.7599856027653455, 4.94821191150251)
(-7.040271014768935, -9.558577789136386)
(-3.220698716358701, -5.421348945009754)
(4.878211755591618, -8.7039200316823)
(7.319798182366533, -3.605714822576056)
(9.687613717880058, 4.267102559072391)
(5.405005290715341, -5.705224938169975)
(-1.5297547208273912, 0.2836728164000757)
(-8.924235974589585, 9.347686156667155)
(-9.503795296778428, -7.603797212569519)
(-1.5577701386180784, -6.213394922547031)
(6.839506948272739, 8.62899848317294)
* Nova postrojenja:
(-3.7270212932980957, -7.652638388190938)
(9.550089972300832, -1.5488301480232363)
(3.519881375287669, 1.4915033281161083)
(-3.3226246071124668, 6.1265113309308505)
(-8.93059007525312, 8.354715060027903)
(3.4912348152091544, 8.51639241309907)
(-1.796814238709585, -8.984059748634404)
(0.6693156312561672, -2.4270130493745707)
(-8.441182430934015, -4.718751178846124)
(9.99632869099842, -0.5200385035933056)
(6.646478841420244, -5.059508524836438)
(-6.652315406232165, 1.6660140158287364)
(-5.42220961361372, -1.4286004822231408)
(3.2761220518644287, -5.379789898227811)
(-3.370413964630977, 3.0428535710311935)
(9.081966171468002, 8.661499891870049)
(6.827152606319324, 2.0384074747991776)
(4.629351271411846, -3.3554363499883273)
(-3.178138909023873, -1.548314678916217)
(0.41941480428892425, -6.736623126789341)
(-7.18142860602343, 9.873923899315049)
(7.654937012412895, -5.075433913646159)
(-3.7624012628938335, -5.272251111936117)
(2.1388839383934677, -8.80764355222112)
(8.261218912411215, 0.7554990536112292)
(1.7642801485139596, 3.8928254723717957)
(-5.85198859958621, -6.089645173754227)
(-8.07934127025764, 8.746994694391876)
(7.503089803281919, -1.9204109788365433)
(7.97404251936939, -1.0450541636509147)
(3.702413630979724, -2.9242999349372933)
(5.806276359220931, -9.55728009580833)
(5.876883874277244, -1.582805196964022)
(-7.3400837336519515, -8.16106516278765)
(3.282544558087281, -2.0944980516268448)
(8.280434972779211, -7.0376945043036025)
(-2.041660779508165, -6.390245392304523)
(6.203836358427291, 5.390370368765267)
(4.3176906815585285, 3.98615520808423)
(-5.413031075576088, -9.114053879246429)
(-2.4529625087046116, -4.569569841019589)
(5.494891079631636, -8.485277448006478)
(7.409333448853417, -3.308349966396556)
(8.834772390921254, 3.6312551327314173)
(6.204494034727263, -6.017797992051378)
(-1.0004173475694274, -0.15102141974203942)
(-8.559654936720456, 9.834057590605937)
(-9.491735814760386, -7.954613817144447)
(-1.2730556570700318, -4.942879216360334)
(5.946847444851612, 9.563995400059541)
--- 1,3425841331481934 seconds ---
