* Klijenti:
(5.654962752088439, 1.561829102185225)
(1.7117244386822108, 0.941297637029372)
(1.434975897393528, -9.870523039009287)
(-4.270659105631795, 1.7941846518072282)
(7.173215273536901, 5.94546839180023)
(1.1938390833568349, 6.681658558290607)
(8.553659883285519, -7.17399376833161)
(-3.0169318351214685, -5.623605665823934)
(5.560097203632413, -7.901879721287662)
(7.644244466045251, 3.0266095361751493)
(-8.370284169068574, -7.535113738718562)
(6.254235712063053, 3.867051814492644)
(9.422065817677982, -2.574262438589747)
(-8.969008867065485, 1.0253732222688612)
(8.857732711867133, 4.575505059384335)
(4.582541233428753, 7.657103839608325)
(7.427636481313435, 0.3702160612591694)
(1.1638305498794423, -5.935213635224583)
(-8.961429101160006, 0.09326781025313302)
(6.36716904574325, -8.555526683898373)
(-3.8708485640821007, 1.7538509703559146)
(6.0692556133859235, -6.110724088078947)
(3.671514362777014, -9.572557667376266)
(6.472511295620627, 4.136915656092949)
(9.383041740588606, -9.0405750350412)
(3.0803883464198005, -1.2303212387302604)
(-1.9844399970616866, 6.1124929778792385)
(-5.453421461391761, -3.2094494369866577)
(6.724642716988644, 4.895502500676834)
(-9.99595806424654, 8.727204580540882)
(-6.484580568247109, 8.08179274348458)
(7.439828536557901, 5.217205583048578)
(7.6950383917366985, -1.615906702665626)
(4.478353458672375, -7.479625929231977)
(-0.28825890232676166, 7.1150149022879)
(8.706444364499912, 1.4491276229181302)
(7.86857028926147, 5.3696474877916)
(-6.922426126281076, 1.1100062485919366)
(-0.6188687675159095, 4.607648392288013)
(-1.7984707627316165, -9.02069281749762)
(-8.973976367709023, -9.712672110665556)
(-9.270496986559507, 7.127508544500195)
(1.6613480252539325, -5.462385443598818)
(7.67119110552224, -7.860463072133992)
(-0.19432478582490909, -6.8114403054419554)
(-0.6313762047350906, 1.1418783660663951)
(-7.547986346336102, -0.6705563847704958)
(2.6771869026769117, 2.9574194350197196)
(5.017907491349211, -9.592287490906852)
(-8.765815919330162, -9.32319469120191)
(4.45959368210363, -9.864926365304289)
(7.390024490642421, -3.1673691758911637)
(7.793285989881305, 6.240308047732281)
(-1.1778366515497787, -3.747665358325616)
(3.1654318002943427, -1.9917963753563601)
(-1.9620113073086678, -1.9438670652708208)
(8.719268207442397, 6.001629357200137)
(-9.328544858955517, -6.851857925822358)
(-6.123492563987076, -6.140315338783752)
(4.390538646077172, 8.853701539863529)
(-2.805353471256458, -4.393075071141488)
(3.85881958813658, -6.735265916179715)
(5.296386646478425, 5.2009557223053005)
(0.4479363271665715, -4.240115778547898)
(6.288606777778941, 1.8480440430716794)
(4.952981377849056, -6.957147112185247)
(4.670244999318152, -2.25850038292867)
(1.4669863453037237, 8.637348353806303)
(4.412459950044569, -3.13231354722223)
(-6.437353076638579, 3.8878241685500132)
(8.268591514118356, -6.4558732482646946)
(9.637815178424518, 4.334186901994723)
(-8.595079607436622, 4.282085512936488)
(4.830572650900191, -7.121957069722082)
(-4.877471720284312, 4.6772271785932045)
(-6.861150352461984, -7.508837246568927)
(7.421312547380424, 8.735742472745407)
(-4.147498229901152, -3.0129515143035697)
(-6.661845630433662, -9.222528468048141)
(-3.130744794880817, 2.2984901282298775)
(9.258936986091062, 8.030250237586966)
(-9.741504839431123, 5.807211008803137)
(-2.3461494911847502, 8.282106195847323)
(0.6587536961274516, -6.974652457541581)
(1.9635424801383898, 3.8523671227057115)
(-5.072898832018264, -7.5757835493889765)
(-1.3096020641829824, 1.2074517544549828)
(7.906685527916149, 2.192374555965266)
(-2.178550157843948, 2.972266816798946)
(1.6620934736242, 8.836999072890872)
(9.890124963883892, -0.2829184102728721)
(5.788057213319904, -8.002547769482335)
(3.425570946855501, 5.098021833606053)
(-3.860824802420093, -4.955148567745972)
(9.741781159503642, -6.916733632863037)
(-4.888982696108981, 6.1758459702459945)
(3.076380846303273, 2.315920275325908)
(-1.2300120281030953, 5.518191279529791)
(-6.725709943301805, 7.3767359501865)
(-8.507688202602623, -9.00404583600293)
(-3.6341386859615437, 5.994080236044324)
(9.061838455863192, 8.805320157583218)
(-6.556047918180308, 6.191326523784209)
(7.847558185470085, -9.583301566516875)
(-4.464288967323446, 2.120021891397757)
(7.929662291217461, 7.698118912626445)
(-2.033016907545888, -7.63365512282564)
(-8.613611530772427, 6.051284534064642)
(-7.145043324415543, 8.879976504634588)
(9.098580502871204, -2.947172097442494)
(-5.218387024905069, 9.593846879243898)
(-5.975509914752786, 7.485108692841997)
(2.558625659371822, -4.511307264885884)
(5.978395029491491, -0.14582053506356552)
(7.748983770257553, 1.8561511772629515)
(5.6797158750149634, -5.974271350406923)
(-5.964875584705782, -8.36504648891638)
(-7.823362891122105, 2.183805600784215)
(-5.012633255095711, -9.4763891772088)
(2.862253305128487, -4.8688331580937705)
(2.0247895326722443, 2.2771935079236627)
(-7.384129169247102, 1.2538234631056646)
(-6.837445226829358, -1.4683239074400252)
(-5.534490151470388, 2.1993421568522784)
(5.080425503433277, 5.335193189221991)
(4.203364338056746, 5.745087033664815)
(2.287754945186556, -7.711232576023899)
(-4.507486457686287, -2.653455742478627)
(-3.6391861577713307, 6.027750405690249)
(-0.7420080807194793, 9.88798741950103)
(-7.573434391600877, -7.752384686497605)
(6.75393824251266, 8.083035863177493)
(-1.5398426129576102, -3.5141065201599524)
(-0.5066112431562075, 0.2609427390790149)
(4.952569365479357, -7.335680605566899)
(-8.985678802456146, 4.857426518423001)
(8.704314723312827, 9.220658535153046)
(-3.360530877907615, 1.1432310259960374)
(2.55747633512941, -0.4406049391341078)
(-9.170180872769311, 6.881588557915904)
(6.39382188019616, 4.043704176102938)
(-5.70378975693191, -5.645515502080903)
(5.532465202565595, 2.1652284419117507)
(-8.371637930518505, 8.910349589106993)
(4.575714842171541, 4.274580054681332)
(3.020248296841313, -0.740056986774249)
(-6.155397125915922, -8.784682265119281)
(-5.562983251334305, 3.9424100762406944)
(-6.173184760291908, 3.3947947766563207)
(2.0303576741799176, 0.38021666389842323)
(4.196586576811443, 9.746267223344635)
(9.106347920521994, 1.3834946415897171)
(-0.4760736712577369, 9.189702768424773)
(3.5172039612282564, -2.486747189707743)
(0.6699259695215414, 1.7360719829917635)
(9.314798183392085, -5.704183696923284)
(8.06522917793226, -7.767245420185674)
(-4.214789203677823, 3.912662216401584)
(8.675480938511633, -5.585609282207809)
(2.574743775432509, 6.001781952013783)
(-0.4593116377890478, -3.4675924321342677)
(-3.4795808251078375, -5.994047198745593)
(-9.879673646828408, 4.045080108790451)
(6.353343271835147, 9.752152581175505)
(-7.0990741812526075, -6.193096214654171)
(-1.645879201713349, 2.964519344080612)
(-3.2856910683847023, 3.855685829503523)
(-9.760526946886754, 5.160669197901084)
(8.28134249887167, 2.543789872784931)
(1.9850675885292297, 7.261109420982574)
(-5.339931990481894, -7.559993135342036)
(-5.855657363230494, 7.340752172547674)
(-5.062035050255087, -7.514579976601348)
(-0.31344196810341174, -8.04557116549027)
(8.807240906016531, 7.590029433434509)
(-9.45391403646581, -8.300332243813113)
(-5.029680466086576, 4.259212425335111)
(6.620236500351307, -1.0366662743880557)
(5.235289069179391, -8.229895418520329)
(2.3613557488260106, 5.061277582764848)
(4.166612925910691, -5.112641939102689)
(8.200517111270106, 3.936712564841647)
(4.95588382509, 1.9519500146646998)
(7.9908154654439585, 1.154726236358222)
(9.193467739560067, -0.7275981136957927)
(6.725672500421716, 7.075369944943965)
(6.124753382196403, 7.1621061453462005)
(4.068432245784715, -8.177049432429682)
(8.660475998959999, -1.133255332493059)
(6.6176764457874135, -3.742772943651178)
(2.6738177232430473, 0.4177632746324367)
(-4.515647402243248, 9.204471181759317)
(-2.206957453879377, -5.674598081933475)
(5.377811312938983, 9.120152404883669)
(2.9019725355067667, 3.869509474574368)
(1.9888876661976376, 9.295861910675647)
(-6.661948185784792, -6.28153610719713)
(7.098176497000683, -2.9086089365165035)
(-6.1777175147803165, -6.993628997770611)
(-4.7089944750001145, 2.747703364279637)
* Pocetna postrojenja:
(2.366746749826376, 2.4197910370117235)
(-4.036281388062561, 7.723378228898305)
(5.457344913759282, -4.897520921931193)
(6.662726420931712, 4.24807979027082)
(6.205270809469297, 0.7226942138158954)
(-3.280224007254211, 2.4698996879382804)
(1.7523511565133205, -6.969160039517471)
(3.0186835372922864, -3.219310193473584)
(3.189650608263655, -9.756127866129589)
(2.768926420132953, 3.5111235048454486)
(5.055929093271841, 5.9543370138716085)
(1.8459314552129698, -6.334394640281326)
(-0.8561974663901211, -1.9984770924671036)
(-5.533376163281744, 4.509479984190994)
(8.527654758584664, 9.943461086368973)
(-7.5341854398686365, 4.039876335919054)
(-6.010878736813277, -0.5537012594697099)
(-0.6620453549657963, -8.88341223479044)
(-8.193332094801677, 9.49095201297962)
(7.592882791631247, 8.281998436713096)
(-1.3684650138310737, -6.901231670667459)
(-7.515976475636945, 5.77964179667585)
(-9.793708279811064, 4.759933538231287)
(9.227958925866272, -7.650974502033812)
(-4.222805034251027, -7.728116505199781)
(9.1422613732624, -9.585637813193575)
(9.175121069154923, 2.999986207678349)
(-6.869151015306718, -7.4896018955567705)
(-9.039262140326612, -0.31778052613305263)
(6.555312087181338, 7.7662211028588075)
(1.029196420098442, -8.992454859377027)
(4.053071906441879, -3.9477028613782483)
(3.03623235565248, 7.168674798085469)
(7.00176431490333, -9.191642131083428)
(-5.9231543333298164, -2.48398433049712)
(5.386744506620868, 3.4756838890835073)
(0.6633191357365398, 3.881621612140604)
(2.555876801177032, -1.9948519136048652)
(7.279267045215523, -3.830402909184105)
(4.443513014565603, -5.385985266054048)
(0.5753573632797817, -0.707392708515755)
(-6.3361065175883695, 3.118426565252692)
(-0.37317979651589184, -1.0476774706928111)
(-6.298466025027183, -5.383502948555467)
(-2.688041518697613, 4.659635513320117)
(-2.114818499007585, 5.946204370840176)
(6.476747335506342, 5.86908041971463)
(8.126471176528046, -1.3218166034059244)
(-0.5300277280586929, 1.7892159204353852)
(6.83597602805559, -5.3107311288743535)
* Nova postrojenja:
(2.291017100691563, 1.5232095102407333)
(-4.654388958570767, 8.417816198038409)
(5.666463688189109, -5.967145794422819)
(6.406990059116275, 4.068599428026919)
(6.644078339051834, 1.0168889161305545)
(-3.9091644935643424, 1.903371468305956)
(1.7590583718341077, -7.472172222346245)
(3.114353940272225, -3.337584867752565)
(4.398481868987142, -9.591064871349365)
(2.696775282585333, 4.01300219178192)
(5.078814354086627, 5.333915610276363)
(1.3416821526218061, -5.4977749907958815)
(-1.274831685507478, -3.5084004603979166)
(-5.018849125193144, 4.25069773542346)
(8.719512355745046, 9.203000734533438)
(-8.594278219344691, 4.290933592548177)
(-6.869799885287473, -0.48590283415994107)
(-1.4055511388512718, -8.762652742096552)
(-8.119433160589832, 8.80691917704014)
(8.09103603954723, 8.029669243008266)
(-2.22901947321718, -5.699633462366678)
(-8.534851440053918, 6.6633084583686575)
(-9.742252895925116, 5.155563816842953)
(8.72223266208709, -6.992795536072507)
(-5.073170939501032, -7.572103457891745)
(9.383912127418638, -9.040526504917713)
(8.276679658231862, 2.540037696502374)
(-7.692064903796021, -8.108244616426468)
(-8.929371291809883, 0.1145494417162569)
(6.4019115625765135, 7.569295352955357)
(1.4367475970128207, -9.87110871532342)
(4.408570100662179, -3.117549704823996)
(2.315297599201447, 8.219019855920102)
(6.172013043205457, -8.355130075767358)
(-4.515865271459355, -2.7612576446515043)
(5.2166959456018605, 2.2358070859217976)
(-0.6265229306623711, 4.585655861968918)
(3.0708430572289935, -1.2161469196590267)
(7.1701287284211, -3.1218644757754337)
(4.801727298438663, -7.099747565363281)
(2.0308456712899705, 0.3803301260118138)
(-6.481595385515864, 2.8451772066862593)
(-0.5066208911155509, 0.2620898426186047)
(-6.130713808876167, -6.127455677461155)
(-3.2850554045891682, 3.856641847889862)
(-2.0014100244278383, 6.131743376222808)
(7.736980613073435, 5.669802569929995)
(8.688846995097236, -1.1929843519852175)
(-0.7456525785763778, 1.352562806653324)
(7.062115190720559, -5.910653029138973)
--- 1,9191913604736328 seconds ---
