* Klijenti:
(-3.094837812881708, 1.6298579080911875)
(0.4645483113647213, -2.85767677432281)
(3.4922708973493393, -3.665601321286534)
(0.18985271511035862, -6.661758415249837)
(9.82767430663268, 7.581975496506416)
(-4.44914901305159, 0.8279387126941486)
(1.5409585714894352, 7.863459192926442)
(4.209090733436398, -8.163467759225131)
(6.742205353681225, 2.63004227498746)
(-2.1540514978085774, -4.001327824381777)
(2.2319478945165976, -0.6949949502577155)
(-7.87000834771727, -2.446826151512795)
(8.82441613393448, 9.416918347600046)
(-1.682974824651506, 2.245717086906877)
(-0.40443670801026954, -1.368315012678238)
(-9.450747208883932, -1.1649593898989679)
(4.143708093487016, -6.930652874284724)
(1.523543601236593, -0.16890349941761684)
(6.19384562360894, -9.865019707170076)
(-0.5780776346455685, 4.615616718329621)
(-3.601106551082407, -2.7104157925975336)
(6.004905111956077, -9.113478648308389)
(-2.0109753831235295, 6.0499305615115055)
(8.627293974392938, -8.346794964922617)
(-5.84179682700319, -2.5127706856605503)
(-5.138676628621461, -2.502886758538157)
(-6.542638090219722, 9.641714070940477)
(9.571883362192526, 1.6250714216512367)
(-7.253379032381895, 6.220809382956695)
(5.688103955386497, 1.22335178468221)
(-3.291428681980282, -0.5797256318008976)
(6.993203150949235, -9.058576471062645)
(-2.6348549316706844, 1.4681295789465114)
(-1.4033354521260826, -3.425554724912148)
(8.47237287699992, 1.6664422434064718)
(1.1129627272480782, 0.1666663049005166)
(-8.868753961317129, -2.4174055105358594)
(-3.8935832265047328, -7.865771379121216)
(-9.26661548439511, -7.012718595357061)
(-0.3350796522889272, -3.7572235338949067)
(5.2925073516733185, 8.974591649010737)
(7.3933424684655975, -5.844512154540968)
(-5.453232190604331, 4.971366584974737)
(3.323544695203262, 9.865316473143189)
(-5.779027760950024, 3.2249125973404382)
(-7.778739850678624, -6.471960026289006)
(0.31410769340536326, -8.841642605966147)
(-1.0975172104607331, 4.293661038859881)
(-2.1327060851245268, -0.6728741434881371)
(-7.783827959849705, 4.132742025028087)
(5.273217339397656, 3.912972748708693)
(5.3087465974956665, 0.040916624934375534)
(-3.0024829092858702, 4.433144090955132)
(-0.7539085939657717, -5.316579515466939)
(-2.6106542207285166, 5.530555656238498)
(-1.4437857017088973, -7.425655526129644)
(4.629535239695571, 3.303743029173191)
(-5.169541098766297, -9.945607076831369)
(-3.7541768978639656, 8.085305927858894)
(4.228757005873707, 4.9154733853218975)
(9.148290598642923, 4.12999383205327)
(1.4236093575840556, 2.0168701812086205)
(1.351148795003425, -1.2615658365115312)
(5.794756704550622, 8.798142837793133)
(-2.203280260108258, 5.398509701937989)
(5.308881410151656, -7.890843369025862)
(-1.2276605638230524, 8.850497430325898)
(4.080215567195927, 2.1227961588908926)
(8.893662565814687, -4.4096977879113535)
(-2.2985585439190803, 0.4693845142792803)
(2.007018252222899, -4.2647575363683305)
(1.3763218579098453, 1.2630730579965483)
(-0.6155878666107988, 2.2773021577801273)
(3.464826214321903, 3.4654129358280255)
(9.01573548476026, -1.5298969418220505)
(-1.8204497187655022, -4.94339014457402)
(-1.937011466960337, -1.0643795159747746)
(-8.132123242546465, -6.715342735318628)
(6.291707020074753, 2.6073743357233745)
(1.795059061036504, 8.415214001995018)
(5.9940293737312835, 6.513756113210782)
(5.543861628762958, -7.705161634454091)
(7.463175374635487, 3.4488686551895533)
(-0.2550135953136028, 7.7364828665670125)
(8.627168005219659, -3.505665055375853)
(9.416584756100047, -6.134050846665291)
(-2.452787670819127, -6.130967123472859)
(7.401729739809664, 0.736742821894822)
(-5.995501109215208, -0.36892981496154675)
(7.029767477967429, -0.582399201554086)
(6.249877540912454, -0.47449503406856053)
(-5.105309110281198, 4.06078525227251)
(9.746369419158732, -2.2543326212801524)
(3.024231443529974, -3.2130812857321933)
(-7.146101618762419, 5.958091418852298)
(1.7172156752431, -5.847509676137445)
(-0.46031013654907404, 1.8672841848365636)
(-7.84301141023807, -1.3143336889420247)
(-3.9289182468573847, 1.1386179371545495)
(-4.170777724550161, 5.744928056886369)
(8.61409915989817, -8.151561448365634)
(-0.036486655849961025, -5.000169287363743)
(8.85714257448868, -1.4770860539515844)
(-5.627000251967889, 8.20554935318619)
(5.191433972019011, 1.2302497178567489)
(9.561387974644152, -8.926547419169504)
(-0.7806432403450376, -6.294324948225942)
(1.5979851563974545, 7.882992003760734)
(6.374655000447522, 6.62536944764771)
(2.846890539522988, -7.55689468540695)
(-8.921082188308782, 1.14705028345975)
(8.604480067379853, 7.737486820979772)
(-0.4072418887855438, 4.187399202493555)
(-3.225276525964082, -1.589753864116437)
(4.037023040762557, -5.751029300762525)
(7.103964559227723, -7.430269480734559)
(-1.5272500983240889, 1.1988787771527356)
(-5.145674420272249, 8.367278183764306)
(-0.9504129846771434, -1.233656423047906)
(2.754169499553127, 3.6755658527051533)
(4.8784348396732575, 0.42214676446234733)
(-6.618069282954824, 7.435679901107481)
(-1.1777506278162981, -7.092357064364661)
(-6.136628984907116, 7.6034982028490035)
(-6.795544005460328, 9.763180546503257)
(-9.115989004919928, -1.8933825434085954)
(-1.7421186390475327, 0.517153305808753)
(9.055067367742456, 2.3746335681045156)
(-3.5095499189610564, 8.226259629879447)
(4.752321336428235, 6.816304386047939)
(8.568729332495128, -2.682350873808752)
(6.7868642193377084, -6.86728306909372)
(-7.073619684406792, -7.7692765043872996)
(2.533502373340486, 1.190638709213065)
(1.1729447830946587, 0.9297813887753197)
(3.568606824927283, 3.1178275889824842)
(-7.5517202283117175, 7.07582243113206)
(9.064216913307163, -1.818619387805489)
(-4.381109567942487, -2.819021429202218)
(-3.0333843282373536, -1.3480786663772637)
(0.5733296469174611, 2.2846032536389416)
(1.285681245573727, 3.617196426033173)
(-4.985809424756534, -3.4565792441413485)
(0.8188484532094087, 6.865079703182488)
(8.26573061104116, -1.2709630760032447)
(6.927175246679724, -6.767378284236276)
(-0.006533472552497699, -6.456725498473135)
(-7.6082076086744, -0.6087090128038604)
(-2.2558424119569214, -9.973454744804592)
(-4.940625092291975, 2.710911434074747)
(3.4389423591838426, -8.616459116207082)
(-5.207648921059606, -8.97976212969301)
(6.3220204523330565, -7.304606236007585)
(5.651111843644035, -6.660777867686298)
(0.1860448507214194, -8.67970238508101)
(-7.760424840384101, -8.515469894812354)
(-2.2263575626137966, 0.7134970324074601)
(-5.2401866462695885, 2.1825450663486645)
(-1.441313967859923, 4.787490438616624)
(4.531267658484005, -5.181204712613756)
(9.87932061696852, 5.632165698673328)
(-5.0576015415125175, -5.774080706939353)
(4.412717669761436, -3.736824830852803)
(7.4338681413049414, 9.55238059491412)
(3.7036726808303087, 6.084109248458599)
(-4.238284785207293, -3.326309135446291)
(3.4585477657399615, 6.756310298259173)
(-2.783770055406918, -2.160017383230242)
(7.317590221927773, -9.067484968098086)
(6.182783579971929, 6.085376124354799)
(-6.762883153439931, -1.5328993700521778)
(-2.2910065318590362, 3.1556100293032507)
(2.767373914175888, 8.895479848929451)
(9.339778481549182, 5.483128590760755)
(7.883557041441978, -3.526420140140482)
(-1.8197219267656308, -8.50634566146698)
(9.997887619440245, -7.231840604911126)
(-4.325989549536152, -7.473024959829053)
(-5.570329293889145, -9.611826332995342)
(-2.292488763450457, -9.379284314412137)
(3.8513343845535726, 5.935497349945839)
(3.1731280749959936, 5.1556285141833325)
(6.063342280113989, -4.250814400341998)
(8.247468858220937, -6.88450494961367)
(6.7365673970761435, 5.567389228442977)
(6.5711928408875195, 6.092615475452465)
(8.514271064942854, 7.755347402760016)
(-0.07687184565154936, 3.8449953032686395)
(-4.230600550365791, -1.4254244406347816)
(-7.814607073167399, 7.503451195523013)
(9.903967990387805, 9.527349963569755)
(6.394091045640234, -0.576631220067469)
(-0.11388112044809873, 6.34819041656198)
(8.005136796847172, -9.112730930476829)
(-2.989616010954192, 5.874041726153539)
(7.7255117585986675, 9.90908450123299)
(5.684985495467796, -8.496753270589718)
(-6.3828694631261795, -1.2393932990674088)
(-7.982237394400091, 3.5278530212043258)
(8.24763534951256, -7.534675569174962)
* Pocetna postrojenja:
(-4.803624722232858, -0.7094407968958159)
(-7.773822048178831, 7.332113950451426)
(-8.222096759009737, -6.058875371470053)
(-8.944460149510077, 6.7298704799870315)
(-8.808875019813629, -3.9876712836822588)
(1.103544233187801, -5.206814990041808)
(-9.12941050568945, 1.8565693623686013)
(-9.305901273940025, 8.260408058947977)
(3.3044094564993394, -0.36262165878485675)
(5.547423590104383, 1.1342477989695272)
(9.512359847320223, 6.406215432126356)
(-1.1977153278409212, -8.671742635585439)
(8.78266447299076, -6.9689755573516905)
(4.384464803954627, -8.206538055402913)
(-6.192790615678716, 8.322154234790421)
(-2.102266741012171, 5.292792122656625)
(-0.798481863055855, 9.030894047898855)
(0.8179887931976708, 1.662315655429774)
(-3.790001545201836, -8.816567424608657)
(-3.3464796976354023, 6.785922889540107)
(6.824726621979028, 4.408026312480844)
(3.899204387303657, -0.05343375466786249)
(5.767311529220265, 8.021320889669266)
(3.7227282448406225, -8.122364992643101)
(5.333723869247988, -0.8168856193563414)
(-1.4608336580544652, -4.94392888859521)
(9.789859427878909, -2.3201797956185892)
(9.715039925245943, -7.6987256655366565)
(7.846923377229899, -2.0099691952926975)
(-3.10000164120045, -6.085477100046757)
(9.351931513628301, 3.232996761717864)
(-1.316279559147052, -5.574386031834402)
(-9.370977755620189, 0.6951923638779007)
(2.2961383189323037, 5.1518302672022145)
(3.7475619007424505, -8.298034401947694)
(-3.991117979623782, 6.598871921550781)
(-6.91776019911009, -7.651844666962921)
(-2.6768165143687606, 0.8511599091566389)
(-5.188358907308038, -7.020673432363552)
(-3.2982572601633713, -6.4719691378338196)
(-7.45757452797299, -9.472430787099967)
(-9.240594205604403, 3.6458866650405657)
(-0.1072706470078284, 4.115637092504585)
(-6.687543231756965, -8.104356019065797)
(2.2351919325495384, 3.7976738893289976)
(-5.5857809525927316, 3.0717406871895143)
(-6.30115455435323, -0.47886598926968915)
(-1.691747861431363, -7.930856729182249)
(9.852619510556337, 0.25419840532757654)
(1.0221493977787777, 4.161569820282727)
* Nova postrojenja:
(-4.016617395390236, -2.132897079381721)
(-7.534436189080892, 6.993666775567971)
(-8.165345182388625, -6.698604393605813)
(-8.944460149510077, 6.7298704799870315)
(-8.828139217885145, -2.364599737299072)
(1.896482547675491, -4.28083403515381)
(-9.12941050568945, 1.8565693623686013)
(-9.305901273940025, 8.260408058947977)
(1.7859460690670883, -0.3647936893283718)
(5.368720463899559, 1.3728520062269491)
(9.046440462721979, 7.713660414192898)
(-0.40186654642268016, -8.990721615413541)
(7.487937734032284, -7.031349918530915)
(5.578652915499905, -7.92378190361515)
(-5.885783458069286, 8.26231255822468)
(-2.2355568899333047, 5.331602498728114)
(1.5239979281161322, 7.89129820281446)
(0.8843801906415668, 1.5084724581500115)
(-5.176512889845509, -8.99825545799319)
(-3.629021139509667, 8.073077043701685)
(6.565308086478723, 5.363617688342078)
(3.899204387303657, -0.05343375466786249)
(5.636828826006693, 8.665981012196902)
(4.034835809835629, -6.866608004828193)
(6.2284942498839175, -0.5054236063474629)
(-1.530354239892432, -3.8810861103924887)
(9.17441483245434, -2.235845701792733)
(8.642311739108157, -8.338667503433618)
(8.149221942013343, -2.1384475199993025)
(-2.4500022870658453, -6.131429736413773)
(9.053986670781065, 2.375220328455256)
(-0.6359070073271031, -6.178010009517597)
(-9.280094228501756, -0.4200231559092578)
(3.6741130196766965, 6.012362690289782)
(3.440951056901075, -8.618201146971494)
(-4.17102329122024, 5.762620005865724)
(-7.073528538927032, -7.769317299522923)
(-2.1580768880481536, 0.5958016194018637)
(-4.518132461024138, -7.026854605317205)
(-3.2982572601633713, -6.4719691378338196)
(-7.7528130024464055, -8.513919758718936)
(-7.8626399730191965, 3.892471464911806)
(-0.5006026748806244, 4.388672356681441)
(-5.571611306700823, -9.610289945587517)
(3.447622233734491, 3.4481415637720305)
(-5.369646786069005, 3.2866559188519893)
(-6.804076356332192, -1.174292611910398)
(-1.442852096208292, -7.4286875439640125)
(9.572048204003236, 1.6250778001645543)
(1.2858842547763154, 3.616995117586167)
--- 2,049147129058838 seconds ---
