* Klijenti:
(-5.513237864458256, -1.3530473597152906)
(-6.416155954624363, 2.179363637177108)
(-0.6343582019449698, 2.678004962822495)
(-2.9400213106166966, 6.712228649542226)
(-7.917081075146932, 5.712920905942694)
(8.459123983967128, -1.9077600248191633)
(-9.751819237070334, -1.8615528685451181)
(5.041957862842697, 1.6396029055258783)
(-0.6536374184912379, 4.869443413093466)
(-9.561374411196294, 2.170035988339894)
(6.202748330312719, -4.993961846940575)
(2.756613929327381, 3.902532962058382)
(-2.3193435691055964, 5.314247465651448)
(-4.273589455489024, 8.485022112403353)
(-2.604500741460769, 8.64003499313489)
(5.027709884532497, -1.4039909567646998)
(-5.168991968061198, -1.636306036762445)
(5.178224250313972, 3.604657527222617)
(4.437968969985613, -5.335010808415339)
(-3.047062421343332, 9.168605447847249)
(2.299136071845119, 2.5515929430113857)
(-6.968079602371788, -9.076005703775543)
(-7.55402937881771, -2.588479062633766)
(0.30335358391761424, 5.870274240231147)
(1.6013612556573165, 5.141235968092149)
(6.4184962165063055, -9.816064788844601)
(-8.033260074442218, 0.03658543328700681)
(6.852220641408358, 9.643711601174104)
(-9.99823640180946, 8.126600303569134)
(6.746786908320473, -5.267443372711609)
(-3.052779214534005, 0.3804939858711247)
(3.210527712032647, -8.53047297604184)
(-0.8693428136077301, -9.468491747145734)
(9.615208065437677, -0.9601825638110064)
(2.5697851093525514, 4.2392702459449865)
(-2.1752898730759913, 2.997744921135448)
(3.2669842968879372, 5.930837813099309)
(-5.506711636804296, 9.02214330295515)
(7.717322912870973, 1.3125814357727208)
(-4.683338097587441, 5.253675844954735)
(-0.7453717366877637, -4.457951067589059)
(-1.958434422656513, 6.313666399808877)
(-1.4111036643644645, 5.221874571345047)
(7.964006897369057, -1.8605407810585568)
(-4.762809013662707, -9.221150140064385)
(-2.1206306293756665, 5.537864910527599)
(-2.4313279098795837, -8.052114956211756)
(-1.0238458601732674, -7.568731080256033)
(-7.323185596138599, 4.550589344919935)
(-4.577576914281303, 2.320854080127095)
(-2.438354882707263, 7.966778917738381)
(2.769367381335927, 6.1845091188522225)
(-5.973933738244281, -1.3606329113657782)
(7.344563808942322, 4.641409058723214)
(2.796512805186026, -6.644878164219596)
(8.25594117092777, -1.7972717367238094)
(-1.1048893691522075, 1.3384206688233746)
(-9.058281716059808, -0.6233360934928438)
(3.8741632995745707, 9.16650602629159)
(5.540942276637841, -4.376114290360425)
(3.1191764749908018, 4.386963304215254)
(-0.8720404321639705, -0.9799650592352727)
(6.929075863117507, -3.6520836830845615)
(6.710326738394862, 8.629340461509326)
(7.619300224144293, 5.299028964049288)
(1.9877222218454094, -4.113051017760354)
(-3.1350962830995233, 5.7606173424182305)
(-3.681626463260508, 2.9490151305463392)
(-8.002953603036083, 4.066032876900255)
(-5.957895574131886, -4.014926878890583)
(-3.4940271217429313, -2.138042611214292)
(-8.002844979491638, -5.33170675362072)
(-2.4726611893030093, -4.0810852653748775)
(-4.90576558285939, -3.1636046892827636)
(-3.6708545123695284, 3.8136183919065907)
(3.8631053640695647, -4.530010760449709)
(-5.790261049157963, 4.9171534235400465)
(-4.814853566087029, -5.073706167331982)
(2.7464386233512545, -7.281203747900895)
(-1.3812161110045285, 3.5890696337926045)
(6.376623451841223, 8.803679917337892)
(2.2317609806225107, -9.04244726237988)
(-1.9096163751551014, -2.7298002190030513)
(-5.526602954184529, 2.2236795632870887)
(-8.923574960254964, 4.575626148586933)
(4.937973109138181, 2.7225557515099723)
(-5.632651387083678, -5.139615067452265)
(9.121610337690992, -0.6015810913322834)
(3.806818439603834, -7.737702603384338)
(2.0216195275937174, 6.768160959890604)
(2.9523369413493334, 8.025066957560593)
(-8.096329439331457, 4.177235354848129)
(-9.397017197681281, -0.83161945156826)
(-4.027546222608633, -1.9356682552640798)
(8.061667309315624, 0.08003573282260845)
(-7.595867242696881, -5.559704889942942)
(2.651808934902615, -1.771904979975945)
(-6.5031702930683455, 5.101959172305154)
(-0.05420662820806932, 3.2169516513131846)
(-1.5578594556799192, -5.574141510889388)
(7.244036004969264, -6.35956667793832)
(5.154174450098747, 0.5914066712413817)
(-8.053259168388958, -1.6853299865158817)
(0.5627168434768599, 3.111825822331614)
(9.43270128754924, -3.2697727356851765)
(7.2771358932797945, 4.399339598758864)
(7.952829944540099, -3.0186225728678817)
(9.396603738109139, -5.245905318755819)
(-5.138486532916875, 5.555370784429698)
(-5.347323126104573, 4.868730076676451)
(4.0490258658482485, -9.478651644169078)
(-4.161010758521213, 9.4338269600721)
(4.802876331218435, 1.3079807049113246)
(-6.639787333527836, 0.05697583056891986)
(-1.7926127127878502, -1.536353130922489)
(-2.7376363649546427, 7.174221679903077)
(8.942114956617015, -1.5146480015936543)
(-4.127656413085754, -5.06073303523695)
(4.364907767929315, 8.130282094699265)
(8.927550091999624, -5.284372569772307)
(-4.848688168174451, -9.044351493322075)
(-3.7701580623523157, -3.360996832732603)
(9.510741986681825, 2.6832357598308434)
(5.943238759392049, -4.290943379479062)
(3.4450439103136468, -3.0980521631300633)
(-6.432996174549053, 2.928969605190094)
(9.932615708874412, -8.208791148321982)
(5.553115127247958, -2.57612989917428)
(-8.0822770055879, -0.4522985834204789)
(-9.42201776348213, 8.344736909573673)
(8.991521437592095, 0.6136927487444837)
(-1.0008726834380255, -8.289448127483166)
(-5.969657883814817, -6.852616729287748)
(-4.31927571834197, -4.988551206446202)
(-5.12147700282978, -1.6993276828589892)
(3.9833823381958506, 5.3816643011301935)
(6.643965373524022, 5.545456247173346)
(3.732830409035987, -6.957911107791855)
(7.993518548170979, -0.4755267521203628)
(-1.17156934220435, 1.8216807842538039)
(-6.602114617740488, -3.405019794664021)
(-4.902734770795085, 6.408780744163174)
(-1.1423564099107644, -7.586905043870149)
(0.028919247041178764, -3.969245180342604)
(4.885560369996998, -2.317923620196199)
(8.818127936167166, -2.747376882344783)
(5.926656452190642, 9.641328685801977)
(-6.4324409657515975, 9.723888613717975)
(3.5835607040239896, -0.9479496348034786)
(-1.8383221687391238, -1.2127208746787783)
(-1.284801880818451, -5.067094208433076)
(3.5512194411022495, 2.7200179451813717)
(8.92776848936051, -4.651214666735626)
(-9.843594163610227, 6.967418375454201)
(1.6726060700295324, -3.0866543958471304)
(1.6422625379940214, -1.117134985099943)
(-2.2529751244350855, -5.281176570761323)
(0.37014702415564216, 5.357573516156766)
(4.237565154821574, -5.634283994596608)
(-0.7702007020228905, -4.007780638464464)
(-6.2071528538458765, -9.141159030340251)
(7.060444996945154, 1.8440284685122865)
(5.545499102454368, -2.4469127804937223)
(-8.6793836858297, -2.393718910461951)
(-2.4746250947264663, 2.6651541474520872)
(8.179099954837724, 2.8117370198583984)
(4.188297513432424, 9.491972124499654)
(-1.6904664637418172, 6.338050266637374)
(-1.5409145465943226, -8.136150167833168)
(0.47434977406425105, -9.711005131614376)
(8.62484556701288, -6.91555707673932)
(-2.3456803971357125, -6.449390223419263)
(-3.7045834026162723, -8.438320300812961)
(1.2839088539023997, 4.0253351812642375)
(-8.947194574920692, 6.359868873845219)
(5.570350713182272, 0.7041254658790521)
(-3.9327671330811427, 3.6492733715604064)
(5.7945607055316835, 9.447104286363857)
(-5.38969812279398, -3.267907636624116)
(4.649650268070978, -0.2178793680434854)
(9.528182819350704, 1.2592663303112612)
(-0.45229242387722124, -5.115360663749722)
(-5.662533027833145, 0.08605463625224274)
(6.5994596657388165, -6.332640240325784)
(3.8513977651205593, 9.618093756580151)
(-1.8605574535847307, -7.306392093523648)
(-5.571622227861619, 9.384944296316505)
(6.7708206874740675, 4.318456964125062)
(-6.734240217283389, 7.507393505489635)
(-2.719247557343632, -6.399499990458453)
(5.913984209971179, 0.621922203475723)
(5.5863423685477755, -6.227345501951529)
(-8.917538190448404, 7.022535587833808)
(5.2281188434283905, 1.769305040777244)
(-4.38112166925449, 9.617043060116423)
(6.080619865187074, 1.22377951621141)
(-9.753714663440254, -4.960372890718836)
(-1.3609784120159993, -6.114644258134927)
(-1.7434887949423015, -1.5873160896909155)
(0.9210647435674311, 3.828818681586835)
* Pocetna postrojenja:
(-3.089615077362133, 9.13802996335836)
(-9.10743877919163, -0.6346275513972284)
(-8.87762954412903, -2.984256865328689)
(-6.9009250171725185, -9.379065491774217)
(1.6447544155061422, 0.2761936545717365)
(7.964346454688066, 3.9351226177640832)
(-4.350054918274289, -9.297964464033026)
(6.922830496492242, 1.2945673528576869)
(-5.825621181782498, -5.160775292780533)
(7.615517822563071, -2.702647266781886)
(7.380081386040391, -8.94626122468275)
(5.681554088891168, -4.1692749637862665)
(-4.655656795817443, 3.967428094877551)
(5.693728720094153, -8.8831860975759)
(1.0229294445539274, 8.767516177642396)
(-4.4164346144482565, -9.75142322643977)
(-7.845698388803939, -9.273556351464867)
(0.18021629783186732, 1.039210302146678)
(-4.532458306473854, -6.909274570625601)
(3.5435800363746353, 6.751315117643962)
(-5.427291636276291, 6.093401925316911)
(8.584926953276689, 7.705688609797537)
(5.567238725308778, 1.7558316458949026)
(1.1707973836199503, 8.04719782643539)
(9.455425542831982, 2.894491961681293)
(3.906929891178665, 6.748119366581125)
(-3.9401693544616245, 1.29607623471726)
(8.315894970995906, 6.99766835880429)
(-4.895301244056498, -4.568152668793548)
(-0.5547676966264916, 5.450654462403184)
(-8.998390538991423, -9.373335475043145)
(3.406317078734295, -7.062432562319385)
(-0.0028066976209828454, 1.4522696097733867)
(7.127789104227787, -3.781721480611015)
(-0.3418537929603449, -8.83233866194999)
(5.896934236823059, -4.464410968421753)
(-5.813643177169794, 8.670586910325454)
(5.324307713763975, -7.946796681611685)
(-9.541030947404394, 7.126367168749429)
(-8.143800234025209, -6.656861866811255)
(-8.847156934468794, -1.0155250825839435)
(-3.477844986160397, -6.341863083237311)
(-2.9410656879229435, -3.004465531303695)
(-5.583460367660513, 2.3313701648194503)
(1.451633812611032, -2.9960859941034945)
(7.011320041450464, -7.889191991126481)
(-6.456569789141115, -0.5263434889826595)
(-3.413164888715123, -3.0027719606052994)
(-7.6309936542481305, 6.41363423873058)
(-6.557137129188635, -4.365043224292966)
* Nova postrojenja:
(-3.191036400086727, 8.939157574445865)
(-9.098173459737943, -0.6490188882018818)
(-8.77263469354671, -2.377580366058667)
(-6.875653544858942, -9.083919560293124)
(1.884061751372645, 0.23334647198765035)
(7.928102268384469, 3.9269653583079336)
(-4.532767099686135, -9.050975016102592)
(7.23152208348775, 1.4187428640718045)
(-5.825621181782498, -5.160775292780533)
(7.955847804880766, -2.705931881206833)
(7.380081386040391, -8.94626122468275)
(5.542347446595143, -4.168333543589012)
(-4.604098626038212, 4.012164044616722)
(5.577931400195705, -9.696368157951458)
(1.0229294445539274, 8.767516177642396)
(-4.4164346144482565, -9.75142322643977)
(-7.845698388803939, -9.273556351464867)
(0.18021629783186732, 1.039210302146678)
(-4.532458306473854, -6.909274570625601)
(3.3473340995355976, 6.770103357435101)
(-5.371960250568547, 6.025638799049129)
(6.619579763196639, 7.98060848150172)
(5.430665378860287, 1.7373681288117209)
(1.1707973836199503, 8.04719782643539)
(9.508146603626619, 2.8951376912737854)
(3.943919792180377, 6.749186782795453)
(-2.8664986800657903, 0.9361051825249593)
(8.315894970995906, 6.99766835880429)
(-4.613864375148979, -4.370037968117289)
(-0.5566493878524525, 5.424658354974846)
(-8.998390538991423, -9.373335475043145)
(3.2856606961962305, -7.173978222114335)
(-0.9065685887328814, 2.425128140327403)
(7.128374884071279, -3.7808145861003166)
(-0.9172737074833321, -8.879136204081355)
(5.994040128932656, -4.428565667677061)
(-5.532391047896848, 9.04160947492773)
(5.324307713763975, -7.946796681611685)
(-9.4392219192716, 7.1869341259689445)
(-7.545085797286957, -5.588153804629031)
(-8.806538860509043, -1.0636452767554896)
(-2.3260186423068925, -6.41600094131936)
(-2.235347349146176, -3.193060108562502)
(-5.576733791666037, 2.243962553542895)
(1.485808726579501, -3.027814363467127)
(7.573771448777629, -6.492336428337866)
(-6.382207018539115, -0.49141515036857064)
(-3.6758808706982453, -2.94345329606195)
(-7.579650613732863, 6.375293167040422)
(-6.099102596226525, -3.8812407297888165)
--- 1,4081041812896729 seconds ---
