* Klijenti:
(3.04166273024072, 3.0225268957995084)
(3.4783949877865705, 7.337251018991456)
(-3.9620759060978745, -3.8779342163154196)
(-8.241521689334746, 9.231208811041899)
(-5.241553535414885, 1.7242079019068264)
(2.2980350099442592, -4.412491747295193)
(5.280771480749367, 9.278786105372582)
(-3.2371347081967894, -4.692276615191333)
(3.3642205195812522, -7.353199536538632)
(4.083559168287207, 6.38700714669373)
(-0.6869740579525558, 1.3161263039198374)
(-3.6335189931107053, 9.616182771236659)
(-0.8172953085959822, -8.461678077061947)
(7.251550862409065, 0.1810460634840716)
(4.856070371474431, 4.215017904011225)
(1.7638577939028686, -3.9394736951484166)
(4.308484295376251, -3.979935430974355)
(4.748612466413549, -9.226429366865915)
(6.324778778189419, 6.008556488016588)
(9.09768897701656, 9.185480627903708)
(0.34576423928190536, 0.5377631014983422)
(-0.6015136570194954, 0.6369785154907568)
(8.475305350093052, 1.7771622949968204)
(-5.501905167528818, -3.6585812950341223)
(-5.8935907436549755, 8.861370323147668)
(-5.489251424390975, -8.134845799829215)
(5.176714176108364, -6.046561636369896)
(0.9749552999229927, 3.8333946781663553)
(4.748942124425762, -5.4209658807614165)
(-0.5690531156505774, 7.428239318339852)
(-9.136623896346999, -5.817303690761467)
(1.0135290250183395, -7.462694480805608)
(0.900608135286836, -8.590011102255788)
(9.155429229986922, 0.6883501714614582)
(1.2618057992254865, 8.561516895554298)
(-5.561682635043428, -7.8764432252712835)
(5.096637973178913, -2.5709853029588743)
(2.966225402835116, -4.677260793277773)
(3.141186039904923, -9.282669266211322)
(2.7136171142983567, 0.49170287940725643)
(7.997745270260946, -0.01914511843211386)
(-5.768201890701623, -1.1802483459179278)
(0.08933893809721205, -8.598249630005476)
(-5.613532803553094, 6.296268444819372)
(-1.891771715254091, 2.0668183206257105)
(-9.387592568476386, 6.826352207758241)
(-8.373789104646718, -0.8507069744614242)
(-6.047995062095291, -4.2640384000003095)
(6.319277483695206, -3.525841264526905)
(-5.839307618071055, -7.570106691382716)
(0.19774157806041082, 6.00440270460922)
(9.76858716884109, -0.10867862214546165)
(4.907168097680344, -9.301519753048456)
(-3.184532361471568, 2.6278509685583717)
(-9.54559689282058, -4.8482282361116695)
(6.219843313707852, 9.410350957973527)
(-3.8216176057070683, -2.182360592988182)
(-8.461035290025452, -3.605681755413219)
(-6.318743882736928, 4.12270677842201)
(-3.173908746612426, -0.2730013469568071)
(9.953751390381559, -6.486575039820774)
(0.9055446924553046, 3.130145359928324)
(-3.840728310755499, -6.109724836208292)
(1.8867769222839375, -4.7163525600871985)
(-7.031681006364212, 2.9270992030114833)
(-9.722593274261342, -0.4157421878316683)
(3.8987874092380697, 5.739423246732134)
(0.16019866959376827, 7.827480112825537)
(-5.644344788132232, 9.49746929989513)
(-3.4840326218131823, 1.497018837243786)
(1.9074350284876846, -5.1841343287557295)
(2.6488178841524963, 7.480451819634212)
(-6.735098481727231, -8.089667806947862)
(-1.578264147609925, -9.040746184590871)
(9.991426488817481, -2.5589242706586894)
(-5.100412997393282, 9.299541122645326)
(-6.408717439941325, 8.89788242278393)
(9.402938001876173, 0.8993438885383842)
(-9.839337038324134, 3.897151436145151)
(3.3224099830601688, -6.190964767499796)
(-7.196897618283327, -4.154422387335963)
(3.0737444103876914, -2.805543194970557)
(-1.3132410254572147, 5.480446769777123)
(-1.4564121040297096, -4.35279465432397)
(6.02698915199155, -6.423879167625037)
(0.6637360172121411, -2.19939654624425)
(-3.51272881004697, -6.021744039589825)
(-0.211630120266463, 3.9518067122667926)
(9.04092119748071, 4.655922720229528)
(-8.514798947230588, -5.8195023386879345)
(-8.344013072545229, 2.7173694599711453)
(2.624425700472621, -6.372323993746134)
(9.60224889377525, -3.885846910738408)
(-4.672391634235198, 7.595701020114845)
(-6.500396938349433, -6.596388227280185)
(-9.909957131882514, -4.120954132677492)
(1.0520432476751633, 4.93626690934196)
(-2.097778470810436, 9.20160436233116)
(-1.1130980199659906, 9.388022284242439)
(-3.679172531369801, 3.3797232602103744)
(-8.587467770570994, -5.296312212032792)
(-0.17632748858873626, 6.326733192271973)
(5.007725923521058, -3.5085558790399833)
(-9.698034357884707, -0.1578181943526502)
(-2.4322046942757876, -7.612630129153888)
(-8.083014424525668, -8.548720330285963)
(-9.291804539822442, 4.249798090253105)
(-1.8199414858675222, -7.457228580443649)
(2.625938571280793, 1.0866643416373467)
(-7.60456142300886, -7.281435853995597)
(1.7001719158186486, -6.760888428014777)
(-8.742450383191873, -3.7729554947633304)
(-0.09847167749708952, 5.044344762663535)
(-5.165582900682654, -0.31467899558248646)
(9.55375578317095, -9.931059414256886)
(9.480513547688684, 7.555410766893221)
(0.1693874695945965, -6.4878175989497695)
(-2.327094323173946, 9.995938514250888)
(4.633697935092707, 0.7933968281136128)
(-9.373634289399444, -7.440545965734211)
(-2.8452887188755476, -7.606068737376064)
(4.544852701237726, 1.1931575636869987)
(3.5313246359829478, 2.169418406042297)
(-7.053922986343317, -0.08352884613603173)
(7.531100869372683, 1.1890090565740437)
(-1.927181519746588, 6.107822881553105)
(9.115532616109547, 4.504251851273754)
(-1.3671775485788995, 2.926032373693859)
(6.98974838385411, -5.842210481102546)
(6.935399733059867, -4.8931867570132725)
(-0.03989751211600279, -6.139806473698961)
(-0.9801614363891442, -7.033284649078471)
(3.373653319675123, -3.1961510195797356)
(4.212744671910421, 9.210184744441431)
(0.9265582583008687, -0.45669277610416437)
(5.718272165103242, -8.391769830348144)
(-6.767408527170813, -7.91099145355175)
(7.049194809834059, 3.6007887768917772)
(3.720936703929274, 8.693080365995186)
(1.609128710030049, -0.1953091572870349)
(8.65223498302332, 5.644667596883345)
(-9.37352241825387, 3.9350578263167524)
(-6.808460061368711, 9.692023978190313)
(7.767919391906588, 0.5397032273562026)
(8.833211665625914, -7.129945595799237)
(-2.4225874718563967, -6.653085947941539)
(0.8507810986686781, 8.45961028257063)
(-4.043352009516044, 0.20053317594208586)
(4.43960211974289, -2.2886787916680396)
(3.1720477938851275, -5.7005781829862645)
(9.092010550157926, 1.9331984010669512)
(-2.6882244571197305, 7.88359697417107)
(7.87973358375471, -3.68922835603283)
(7.015464568328468, 1.6551535019584662)
(9.754810793018414, -9.471324819760948)
(5.998559089252364, -3.0217574894903443)
(-2.448061536338799, 4.997169105950777)
(4.274048229838494, 5.8287199037305335)
(-8.14515335877819, -2.904625213834448)
(-8.316748013306425, 7.251497812346376)
(-4.1286287307517044, 9.938410704487723)
(-8.20006254605769, 3.446159373098215)
(-3.5009162589248337, 9.267718979044016)
(-4.655010523483975, -8.039028518627639)
(-8.061332781994192, -4.24468203485292)
(-0.3103881431024469, 8.410093083590432)
(-9.078464453103814, 7.584830932536512)
(5.401741831555945, -3.047231431570392)
(-4.823845000314604, 9.143360229103699)
(6.108303767601175, -8.15649448585946)
(-6.409845029870227, 0.75400009809902)
(6.761922907784076, -4.294880219092394)
(-7.396424474413128, 4.454569418293522)
(1.7441049788248506, 0.0398645489756575)
(6.9995449252322075, -1.1773717794144787)
(3.595296372059888, -3.4557594668028795)
(-6.080835691090525, -9.228624488818385)
(-0.6704579611414445, 9.176535048116797)
(2.781093886755734, 8.729387334270584)
(3.448738129542132, 0.10240324176186988)
(9.69363194449696, -1.7097984112581912)
(-0.9458009456411034, -2.116467562885555)
(-8.477432055104991, -8.801890540010566)
(7.9333357351722675, -1.54039684075207)
(-9.033497187384489, 1.5388130441847991)
(-5.289457797725965, 9.994112111418062)
(-1.4488927469848853, -0.8461942069831014)
(3.180823026070957, 6.244916801471305)
(3.3633066543788086, -8.380060066476688)
(-6.073689788939567, 7.4024503186404225)
(5.184013154672639, 0.5524266020448998)
(-4.515715222679275, 4.974355643761047)
(-6.530583836194353, 3.2561684034093865)
(1.016882364675208, 7.338384503116181)
(2.2727474105304797, -6.804721184347057)
(6.49197962084008, 0.07348627985304113)
(8.43742649636948, 6.395418362103975)
(-6.912641763407081, 8.74823527426837)
(-9.919602593482239, -0.8184033031344651)
(-4.423458394553608, -2.707319617987012)
* Pocetna postrojenja:
(3.399266621706605, -3.7827232493910845)
(-6.3427781315862, -1.818091705868632)
(-9.179726573015483, 3.206909504487827)
(-2.7542885409915563, -9.600016472927793)
(1.2421950070759813, -3.989363874321919)
(4.3655807507729545, 4.792930242636604)
(-3.8923701468401806, 6.649047660878242)
(-6.083576611669552, -6.361687985564757)
(-4.009070778651733, 0.5742331226851345)
(-9.299673814272882, 0.22534729927037134)
(7.55941993154142, -9.883161514429533)
(-1.3249084904156927, 9.657139054953014)
(-8.030310724752411, 4.723221244741927)
(-3.5426342795222165, -5.403117385292894)
(4.22037893497879, 1.8255362923621874)
(-7.5670565132798195, -4.657143253060349)
(4.687386810411544, 0.3183428862751203)
(2.617543778650015, 5.270146641918052)
(8.638697373580854, -5.147002161942858)
(-2.054148274814967, -5.838338229670046)
(1.7432128449826312, 2.8507902529068385)
(8.680281962697126, -0.8137389188587303)
(1.689682179096783, -6.852833923265371)
(6.146146658351906, -5.265416432020138)
(-8.465316128266267, 8.386363732876148)
(-3.0796037950642337, 9.996323173434885)
(-1.2469021666903561, -1.019986240755129)
(-8.07347860912742, 5.555110124860516)
(-7.228934445182178, -7.295077750241667)
(-1.6133975111090493, -3.598702800121143)
(7.368246670074733, -5.5236289614975504)
(2.2564859866133897, -9.041969571638532)
(-3.868963218423005, -2.934669578245197)
(-3.4804756285528615, -1.4853712515073152)
(-5.147583896909806, -2.0640500025140813)
(4.598575451261567, -5.683552275255376)
(-6.4413491349426, 3.9700412371375613)
(9.95767650067399, -6.687605247386125)
(7.559954384569124, -4.846512905893743)
(3.5001856378654157, -0.07463053543206577)
(5.25655951399488, -9.915979943129088)
(3.0309893774070638, -5.0463010940811355)
(3.3540174953838537, 6.958336582379225)
(-2.3494729879140808, -6.901662590913531)
(-3.5384768441450536, -8.591049808224625)
(9.83406847265146, 8.40637584573836)
(-3.4128378675122644, 7.522614023197054)
(-4.224080462096007, 1.0882748245798268)
(-9.287329835313924, -2.897226113865119)
(1.0841596667471087, -6.98209501175916)
* Nova postrojenja:
(3.73263183535473, -3.4322276373290332)
(-5.785854127901985, -1.1651909957523)
(-9.097145992301085, 3.3115769124869168)
(-2.7542885409915563, -9.600016472927793)
(1.4778706403628727, -3.8748442171434547)
(4.457076697851343, 4.8503870809178755)
(-3.914843226357939, 6.209431762814793)
(-6.448240523374127, -6.587726627115443)
(-4.173883158147986, 0.27162580248616386)
(-9.474803182944356, 0.2870907387352273)
(9.251149246785413, -10.623002845074998)
(-1.2683937763168855, 9.358621972541576)
(-8.030310724752411, 4.723221244741927)
(-3.540262863130921, -5.404127208256136)
(4.060573190251688, 1.6596302145571)
(-7.584113041352113, -4.6436431079199005)
(4.853296851123943, 0.6972395739477477)
(1.4999303232448633, 4.376272431197833)
(8.638697373580854, -5.147002161942858)
(-2.054148274814967, -5.838338229670046)
(1.7400776033644738, 2.994039623216486)
(8.412345521939756, -0.6668207718106418)
(1.7199091369700326, -6.767913808951922)
(6.143851939378519, -5.265184992817861)
(-8.349456522142129, 8.261552285121539)
(-3.0796032718672226, 9.995474565620874)
(-1.2799411828248002, -0.8184913093678035)
(-8.07347860912742, 5.555110124860516)
(-7.396254077192672, -7.475073380024193)
(-1.6133975111090493, -3.598702800121143)
(7.368246670074733, -5.5236289614975504)
(2.265741004058552, -9.012031878453678)
(-3.8838354866956837, -2.9334375860180253)
(-3.4804756285528615, -1.4853712515073152)
(-5.147583896909806, -2.0640500025140813)
(4.823383258394943, -5.529832407386107)
(-6.418059110513064, 3.956153467130499)
(9.869896453368193, -6.534721300284313)
(7.195950195207209, -4.561003475061859)
(3.4709536194991344, 0.10599847602246641)
(5.4302426553743794, -9.5492427145459)
(2.754746355347394, -5.20541311606912)
(3.231888439894795, 7.071712096561418)
(-2.2770008006746707, -6.847349996393119)
(-3.5384768441450536, -8.591049808224625)
(9.30959073031443, 8.283201390863898)
(-3.4128378675122644, 7.522614023197054)
(-4.269734338661703, 1.2158510772941618)
(-8.760438830419481, -3.7836478666578426)
(0.8059641533179397, -7.222983269331702)
--- 1,3841464519500732 seconds ---
